2.477000000000000000e+03
1.137000000000000000e+03
1.345000000000000000e+03
1.742000000000000000e+03
9.190000000000000000e+02
1.066000000000000000e+03
9.260000000000000000e+02
5.580000000000000000e+02
1.740000000000000000e+02
7.360000000000000000e+02
6.190000000000000000e+02
3.790000000000000000e+02
4.120000000000000000e+02
2.660000000000000000e+02
5.810000000000000000e+02
1.479000000000000000e+03
3.090000000000000000e+02
1.086000000000000000e+03
9.860000000000000000e+02
4.020000000000000000e+02
7.970000000000000000e+02
1.480000000000000000e+03
3.019000000000000000e+03
7.910000000000000000e+02
1.556000000000000000e+03
4.540000000000000000e+02
9.100000000000000000e+02
1.290000000000000000e+03
1.178000000000000000e+03
5.190000000000000000e+02
8.980000000000000000e+02
1.343000000000000000e+03
5.600000000000000000e+02
8.170000000000000000e+02
3.580000000000000000e+02
5.500000000000000000e+02
6.160000000000000000e+02
6.470000000000000000e+02
1.034000000000000000e+03
5.860000000000000000e+02
4.140000000000000000e+02
5.490000000000000000e+02
7.130000000000000000e+02
7.770000000000000000e+02
6.140000000000000000e+02
6.390000000000000000e+02
5.650000000000000000e+02
2.320000000000000000e+02
1.522000000000000000e+03
1.053000000000000000e+03
